-----------------------------------------------------------------------------
   PRES   HGHT   TEMP   DWPT   RELH   MIXR   DRCT   SKNT   THTA   THTE   THTV
    hPa     m      C      C      %    g/kg    deg   knot     K      K      K
-----------------------------------------------------------------------------
 1000.0     45
  925.0    725
  850.0   1443
  839.0   1550   12.2    2.2     50   5.37    180     10  300.0  316.3  301.0
  700.0   3038    3.2   -2.8     65   4.47    240     54  306.0  320.0  306.8
  500.0   5680  -13.7  -19.7     61   1.61    245     58  316.3  321.8  316.6
  400.0   7340  -25.9  -34.9     43   0.50    245     91  321.2  323.1  321.3
  300.0   9370  -39.1  -56.1     15   0.06    250    111  330.1  330.4  330.2
  250.0  10610  -45.3                         260    143  338.6         338.6
  204.0  11940  -52.8                         260    158  347.1         347.1
  200.0  12070  -53.5                         260    157  347.9         347.9
  150.0  13880  -62.5                         255    126  362.2         362.2
  100.0  16330  -69.5                         275     69  393.2         393.2
   86.0  17215  -75.3                         260     65  398.7         398.7
   83.5  17388  -76.5                         255     68  399.8         399.8
   75.8  17945  -77.3                         246     88  409.3         409.3
   75.0  18007  -76.3                         245     90  412.5         412.5
   71.0  18327  -71.4                         255     95  429.6         429.6
   70.5  18368  -70.7                         255     95  431.8         431.8
   70.0  18410  -70.1                         255     94  434.1         434.1
   69.4  18461  -69.7                         256     93  436.0         436.0
   68.1  18574  -70.1                         260     91  437.5         437.5
   68.0  18583  -69.3                         260     91  439.5         439.5
   67.0  18673  -61.0                         260     67  459.2         459.2
   66.6  18710  -57.7                         263     64  467.2         467.2
   63.0  19060  -57.1                         295     31  475.9         475.9
   61.4  19223  -56.9                         307     26  479.9         479.9
   55.0  19902  -62.5                           0      7  482.5         482.5
   54.0  20015  -63.4                         350      4  482.9         482.9
   50.0  20490  -67.3                         345      8  484.5         484.5
   47.0  20858  -69.9                         255      8  486.9         486.9
   44.4  21196  -72.3                         250     30  489.0         489.0
   44.0  21250  -69.0                         255     41  498.4         498.4
   43.2  21361  -62.3                         254     39  517.4         517.4
   38.0  22163  -56.4                         250     28  551.9         551.9
   37.8  22196  -56.1                         250     29  553.3         553.3
   35.0  22683  -56.3                         245     40  565.1         565.1
   33.0  23056  -56.5                         265     30  574.3         574.3
   32.0  23251  -56.5                         250     23  579.1         579.1
   31.0  23452  -56.6                         275     34  584.2         584.2
   30.0  23660  -56.7                         275     34  589.5         589.5
   29.0  23874  -58.0                         255     44  591.7         591.7
   28.9  23896  -58.1                         255     44  592.0         592.0
   27.0  24328  -55.0                         250     49  612.2         612.2
   26.7  24399  -54.5                                     615.6         615.6
