
-----------------------------------------------------------------------------
   PRES   HGHT   TEMP   DWPT   RELH   MIXR   DRCT   SKNT   THTA   THTE   THTV
    hPa     m      C      C      %    g/kg    deg   knot     K      K      K 
-----------------------------------------------------------------------------
 1000.0    163                                                               
  925.0    846                                                               
  889.0   1191   21.8    0.8     25   4.58    240      6  305.0  319.4  305.9
  883.0   1249   19.0   -3.0     22   3.49    242      6  302.7  313.7  303.4
  850.0   1572   15.8   -2.2     29   3.85    255      6  302.7  314.7  303.4
  777.0   2323    8.6   -3.4     43   3.85    306      7  302.8  314.8  303.5
  700.0   3175    1.6   -5.4     60   3.67      5      9  304.2  315.8  304.9
  691.0   3279    0.8   -5.2     64   3.78     12      9  304.5  316.3  305.2
  660.0   3647   -1.3   -6.3     69   3.63     35     10  306.1  317.6  306.8
  608.0   4296   -4.9  -26.5     17   0.72     80     11  309.2  311.8  309.3
  592.0   4507   -6.1  -33.1     10   0.40     58     10  310.2  311.7  310.3
  540.0   5220  -10.1  -43.5      5   0.15    340      8  313.7  314.2  313.7
  528.0   5394  -11.1  -46.1      4   0.12    340      8  314.5  315.0  314.5
  500.0   5810  -14.1  -29.1     27   0.69    340      9  315.8  318.3  315.9
  477.0   6165  -17.1  -29.1     35   0.73    331      9  316.4  319.0  316.5
  450.0   6594  -20.5  -33.8     29   0.49    320      9  317.4  319.2  317.5
  418.0   7136  -24.8  -39.8     24   0.29    305     10  318.7  319.8  318.8
  400.0   7460  -27.3  -43.3     20   0.21    310     10  319.4  320.2  319.5
  326.0   8896  -39.9  -53.9     21   0.08    272     13  321.3  321.6  321.3
  322.0   8980  -40.4                         270     13  321.7         321.7
  308.0   9283  -42.3                         287     17  323.2         323.2
  306.0   9326  -42.6                         290     18  323.3         323.3
  300.0   9460  -43.7                         285     18  323.6         323.6
  250.0  10660  -53.7                         275     20  326.1         326.1
  226.0  11296  -59.1                         266     21  327.4         327.4
  224.0  11351  -59.4                         265     21  327.8         327.8
  200.0  12050  -62.5                         275     25  333.6         333.6
  199.0  12081  -62.7                         280     25  333.8         333.8
  192.0  12301  -63.9                         270     24  335.3         335.3
  155.0  13618  -62.3                         255     29  359.1         359.1
  150.0  13820  -62.1                         260     34  362.9         362.9
  144.0  14074  -61.1                         261     33  368.9         368.9
  122.0  15099  -64.7                         265     29  380.2         380.2
  120.0  15201  -65.1                         261     30  381.3         381.3
  113.0  15570  -64.7                         245     34  388.6         388.6
  106.0  15962  -64.3                         265     44  396.6         396.6
  100.0  16320  -63.9                         285     33  404.0         404.0
