
-----------------------------------------------------------------------------
   PRES   HGHT   TEMP   DWPT   RELH   MIXR   DRCT   SKNT   THTA   THTE   THTV
    hPa     m      C      C      %    g/kg    deg   knot     K      K      K 
-----------------------------------------------------------------------------
 1000.0    116                                                               
  884.0   1191   20.0    4.0     35   5.80      0      0  303.7  321.5  304.7
  850.0   1523   15.8   -0.2     34   4.46    225      8  302.7  316.5  303.5
  700.0   3128    1.4   -2.2     77   4.67    285     10  304.0  318.5  304.9
  500.0   5750  -15.7  -28.7     32   0.72    275     21  313.8  316.4  314.0
  400.0   7390  -27.3  -56.3      5   0.05    300     21  319.4  319.6  319.4
  300.0   9390  -42.9  -63.9      8   0.02    300     23  324.8  324.9  324.8
  250.0  10600  -52.3  -70.3     10   0.01    290     25  328.2  328.2  328.2
  200.0  12010  -59.3  -73.3     15   0.01    285     35  338.7  338.8  338.7
  196.0  12137  -59.9  -73.9     14   0.01    290     35  339.7  339.8  339.7
  150.0  13810  -61.5  -82.5      5   0.00    275     43  363.9  363.9  363.9
  144.0  14062  -62.9  -83.9      4   0.00    275     45  365.8  365.8  365.8
