
-----------------------------------------------------------------------------
   PRES   HGHT   TEMP   DWPT   RELH   MIXR   DRCT   SKNT   THTA   THTE   THTV
    hPa     m      C      C      %    g/kg    deg   knot     K      K      K 
-----------------------------------------------------------------------------
 1000.0    118                                                               
  884.0   1191   20.4    6.4     40   6.86      0      0  304.1  325.0  305.3
  850.0   1528   15.6    3.6     45   5.86    255      6  302.5  320.4  303.6
  700.0   3145    5.6   -7.4     39   3.15    305     25  308.6  318.8  309.2
  500.0   5800  -13.5  -30.5     22   0.61    300     21  316.5  318.7  316.6
  400.0   7450  -25.9  -42.9     19   0.22    295     23  321.2  322.1  321.3
  300.0   9470  -41.7  -51.7     33   0.11    305     33  326.5  326.9  326.5
  250.0  10680  -51.3  -63.3     23   0.03    300     35  329.7  329.8  329.7
  200.0  12100  -60.9  -72.9     19   0.01    310     37  336.2  336.2  336.2
  181.0  12718  -64.1  -76.1     18   0.01    305     39  340.7  340.7  340.7
  150.0  13870  -64.7  -80.7      9   0.00    305     39  358.4  358.4  358.4
  126.0  14928  -68.1  -86.1      6   0.00    300     39  370.6  370.6  370.6
  100.0  16330  -64.7  -84.7      5   0.00    295     21  402.4  402.5  402.4
   89.3  17022  -62.9  -84.9      4   0.00    295     21  419.3  419.3  419.3
   78.8  17782  -67.5  -90.5      3   0.00    295     21  425.0  425.0  425.0
   71.0  18413  -63.7  -89.7      2   0.00    295     21  446.0  446.0  446.0
   70.0  18500  -63.9  -87.9      2   0.00    295     21  447.3  447.4  447.3
   60.2  19423  -65.3  -91.3      2   0.00    288     17  463.9  463.9  463.9
   55.1  19966  -62.5  -88.5      2   0.00    284     15  482.2  482.2  482.2
   50.7  20475  -66.3  -91.3      2   0.00    281     12  484.9  484.9  484.9
   50.0  20560  -65.3  -91.3      2   0.00    280     12  489.2  489.2  489.2
   39.5  22005  -60.3  -91.3      1   0.00    278     14  535.9  535.9  535.9
   30.0  23720  -58.3  -89.3      1   0.00    275     17  585.1  585.2  585.1
   24.9  24895  -58.1  -89.1      1   0.01    268     17  617.7  617.7  617.7
   21.1  25953  -52.3  -85.3      1   0.01    262     16  665.1  665.2  665.1
   20.0  26300  -51.9  -84.9      1   0.01    260     16  676.6  676.7  676.6
   12.4  29455  -43.5  -79.5      1   0.06                805.0  805.7  805.0
   10.4  30638  -43.3  -79.3      1   0.07                847.2  848.1  847.3
