
-----------------------------------------------------------------------------
   PRES   HGHT   TEMP   DWPT   RELH   MIXR   DRCT   SKNT   THTA   THTE   THTV
    hPa     m      C      C      %    g/kg    deg   knot     K      K      K 
-----------------------------------------------------------------------------
 1000.0    187                                                               
  891.0   1191   18.6    3.6     37   5.59      0      0  301.5  318.6  302.6
  850.0   1588   14.2    2.2     44   5.30    290      4  301.0  317.2  302.0
  782.0   2283    7.6   -0.4     57   4.78    352      7  301.2  315.8  302.1
  730.0   2846    3.6   -9.4     38   2.58     44      9  302.8  311.0  303.3
  700.0   3185    0.6   -5.4     64   3.67     75     10  303.1  314.6  303.8
  696.0   3231    0.2   -5.8     64   3.58     73     10  303.2  314.4  303.8
  679.0   3429   -1.1   -9.1     55   2.84     65     10  303.9  312.9  304.4
  669.0   3547   -0.9  -16.9     29   1.53     61     10  305.4  310.5  305.7
  648.0   3801   -2.3  -23.3     18   0.91     51     10  306.6  309.7  306.8
  556.0   4999   -9.5  -44.5      4   0.13      3     11  311.8  312.3  311.8
  500.0   5810  -14.5  -54.5      2   0.05    330     12  315.3  315.5  315.3
  400.0   7460  -27.3  -60.3      3   0.03    325     33  319.4  319.6  319.4
  300.0   9460  -42.7  -56.7     20   0.06    320     60  325.1  325.3  325.1
  250.0  10660  -52.9  -63.9     25   0.03    320     64  327.3  327.4  327.3
  248.0  10712  -52.9  -63.9     25   0.03    320     64  328.0  328.2  328.1
  200.0  12080  -59.3  -75.3     11   0.01    310     70  338.7  338.7  338.7
  191.0  12367  -60.7  -77.7      9   0.01    310     72  340.9  341.0  340.9
  185.0  12567  -59.8  -77.2      9   0.01    310     72  345.6  345.6  345.6
  177.0  12843  -58.5  -76.5      8   0.01                352.0  352.1  352.0
  165.0  13282  -60.9  -80.9      6   0.00                355.2  355.2  355.2
