
-----------------------------------------------------------------------------
   PRES   HGHT   TEMP   DWPT   RELH   MIXR   DRCT   SKNT   THTA   THTE   THTV
    hPa     m      C      C      %    g/kg    deg   knot     K      K      K 
-----------------------------------------------------------------------------
 1000.0     62                                                               
  880.0   1191   24.0    7.0     34   7.19    250      8  308.2  330.5  309.5
  850.0   1491   19.0    2.0     32   5.23    265      6  306.0  322.3  307.0
  700.0   3112    3.4   -1.6     70   4.89    280     16  306.2  321.5  307.1
  500.0   5740  -14.9  -32.9     20   0.48    260     40  314.8  316.6  314.9
  400.0   7390  -27.9  -48.9     12   0.11    262     49  318.6  319.1  318.7
  300.0   9390  -43.5  -52.5     36   0.10    265     60  323.9  324.4  324.0
  250.0  10590  -51.9  -62.9     25   0.03    265     60  328.8  328.9  328.8
  213.0  11602  -59.5  -70.5     23   0.01    265     64  332.3  332.4  332.3
  200.0  12000  -62.5  -73.5     21   0.01    265     60  333.6  333.7  333.6
  167.0  13105  -66.3  -77.3     20   0.01    270     52  344.9  345.0  344.9
  150.0  13760  -64.5  -77.5     15   0.01    270     54  358.8  358.8  358.8
  100.0  16280  -59.3  -81.3      4   0.01    255     44  412.9  412.9  412.9
