
-----------------------------------------------------------------------------
   PRES   HGHT   TEMP   DWPT   RELH   MIXR   DRCT   SKNT   THTA   THTE   THTV
    hPa     m      C      C      %    g/kg    deg   knot     K      K      K 
-----------------------------------------------------------------------------
 1000.0    146                                                               
  925.0    834                                                               
  888.0   1191   23.0    0.0     22   4.33    240     10  306.4  320.0  307.2
  884.0   1230   21.6   -7.4     14   2.49    243     10  305.3  313.4  305.8
  850.0   1566   18.4   -8.6     15   2.36    265     10  305.4  313.1  305.8
  754.0   2573    8.6   -9.4     27   2.50    351      5  305.4  313.5  305.9
  700.0   3181    3.2  -10.8     35   2.41     45      2  306.0  313.8  306.4
  640.0   3898   -2.8  -10.1     57   2.80      0      5  307.2  316.2  307.7
  629.0   4036   -3.9   -9.9     63   2.88    357      5  307.4  316.7  307.9
  543.0   5186   -8.5  -46.5      3   0.11    330      8  315.1  315.5  315.1
  500.0   5820  -13.1  -31.1     21   0.57    315      9  317.0  319.1  317.1
  488.0   6002  -14.5  -32.0     21   0.54    320     10  317.4  319.4  317.6
  444.0   6712  -20.1  -35.6     24   0.42    335     16  319.1  320.6  319.1
  434.0   6883  -21.5  -36.5     25   0.39    328     15  319.4  320.9  319.5
  400.0   7480  -26.1  -47.1     12   0.14    305     10  321.0  321.5  321.0
  395.0   7571  -26.9  -47.9     12   0.13    299     10  321.1  321.6  321.1
  391.0   7644  -27.5  -48.2     12   0.12    295     10  321.3  321.8  321.3
  365.0   8135  -31.5  -50.5     14   0.10    314     11  322.3  322.7  322.3
  340.0   8632  -35.9  -53.9     14   0.07    333     13  322.9  323.2  322.9
  308.0   9311  -41.0                           0     15  325.0         325.0
  305.0   9378  -41.5                           0     15  325.2         325.2
  300.0   9490  -42.3                           0     16  325.6         325.6
  290.0   9718  -43.9                         350     15  326.5         326.5
  279.0   9977  -46.1                                     327.0         327.0
  265.0  10317  -48.3                                     328.6         328.6
