
-----------------------------------------------------------------------------
   PRES   HGHT   TEMP   DWPT   RELH   MIXR   DRCT   SKNT   THTA   THTE   THTV
    hPa     m      C      C      %    g/kg    deg   knot     K      K      K 
-----------------------------------------------------------------------------
 1000.0     60                                                               
  880.0   1191   24.4   -1.6     18   3.88    270     16  308.6  321.0  309.3
  850.0   1487   19.4   -3.6     21   3.46    230     21  306.4  317.5  307.1
  700.0   3114    5.4   -9.6     33   2.65    250     82  308.4  317.1  308.9
  500.0   5780  -11.7  -24.7     33   1.04    290     12  318.7  322.4  318.9
  400.0   7540  -24.5  -35.5     35   0.47    285     17  323.1  324.8  323.1
  300.0   9470  -41.1  -55.1     21   0.07    295     21  327.3  327.6  327.3
  250.0  10680  -50.7  -64.7     17   0.03    320     25  330.6  330.7  330.6
  200.0  12100  -60.7  -73.7     17   0.01    270     27  336.5  336.5  336.5
  150.0  13880  -64.7  -83.7      6   0.00    105    258  358.4  358.4  358.4
