
-----------------------------------------------------------------------------
   PRES   HGHT   TEMP   DWPT   RELH   MIXR   DRCT   SKNT   THTA   THTE   THTV
    hPa     m      C      C      %    g/kg    deg   knot     K      K      K 
-----------------------------------------------------------------------------
  887.0   1191   11.4    7.3     76   7.28      0      0  294.5  315.8  295.8
  886.0   1200   11.2    2.2     54   5.09      2      0  294.4  309.5  295.3
  850.0   1544    7.8    1.8     66   5.15     80      5  294.3  309.6  295.2
  834.0   1700    6.4    1.4     70   5.10    102      5  294.4  309.6  295.3
  792.0   2123    5.2   -0.8     65   4.58    160      6  297.5  311.4  298.4
  740.0   2674    0.8   -1.4     85   4.69    238      7  298.6  312.8  299.4
  732.0   2761    0.7   -1.7     84   4.64    250      7  299.4  313.5  300.2
  703.0   3086    0.4   -2.8     79   4.45    273     14  302.5  316.3  303.3
  700.0   3120    0.2   -3.0     79   4.40    275     15  302.7  316.3  303.5
  689.0   3244   -0.6   -3.8     79   4.22    270     16  303.2  316.3  303.9
  673.0   3428   -1.8   -4.9     79   3.97    255     14  303.9  316.3  304.6
  655.0   3640   -3.1   -6.2     79   3.69    260     13  304.7  316.3  305.4
  586.0   4511   -8.8  -11.6     80   2.70    255     34  308.0  316.8  308.5
  568.0   4755  -10.3  -13.1     80   2.47    255     24  308.9  317.0  309.4
  527.0   5342  -14.1  -16.7     81   1.98    252     28  311.1  317.7  311.4
  500.0   5740  -16.7  -22.7     60   1.24    250     30  312.6  316.9  312.9
  486.0   5952  -18.3  -25.3     54   1.01    250     33  313.2  316.7  313.4
  459.0   6372  -21.2  -27.0     59   0.91    250     38  314.7  317.9  314.9
  439.0   6700  -23.5  -28.4     64   0.84    254     33  315.9  318.9  316.0
  432.0   6817  -24.1  -33.2     43   0.54    255     31  316.6  318.6  316.7
  429.0   6867  -24.3  -35.3     35   0.44    255     31  316.9  318.6  317.0
  400.0   7370  -29.1  -38.1     42   0.36    255     35  317.1  318.4  317.1
  372.0   7885  -33.3  -40.3     49   0.31    248     41  318.2  319.3  318.2
  361.0   8091  -35.0                         245     43  318.6         318.6
  303.0   9292  -44.9                         260     36  321.0         321.0
  300.0   9360  -45.5                         255     36  321.1         321.1
  298.0   9405  -45.9                         255     36  321.2         321.2
  290.0   9586  -47.5                         251     42  321.4         321.4
  277.0   9887  -48.9                         245     51  323.7         323.7
  250.0  10560  -51.9                         240     64  328.8         328.8
  248.0  10612  -52.1                         240     65  329.2         329.2
  221.0  11346  -55.8                         240     78  334.6         334.6
  207.0  11763  -57.9                         240     66  337.6         337.6
  205.0  11825  -57.7                         235     64  338.8         338.8
  200.0  11980  -57.3                         230     72  341.9         341.9
  190.0  12305  -56.8                         235     85  347.6         347.6
  187.0  12406  -56.7                         237     82  349.5         349.5
  166.0  13154  -59.0                         250     59  357.8         357.8
  156.0  13544  -60.1                         240     56  362.2         362.2
  150.0  13790  -60.9                                     365.0         365.0
  135.0  14441  -64.3                                     370.1         370.1
  113.0  15531  -64.9                                     388.3         388.3
  100.0  16280  -63.9                                     404.0         404.0
   85.0  17276  -62.7                                     425.6         425.6
   70.0  18470  -62.5                                     450.3         450.3
   55.5  19898  -64.7                                     476.2         476.2
   50.0  20540  -62.1                                     496.7         496.7
   38.7  22136  -57.3                                     546.6         546.6
   32.1  23312  -57.9                                     575.0         575.0
   30.0  23740  -54.7                                     594.9         594.9
   26.0  24660  -52.5                                     626.0         626.0
   23.6  25283  -54.1                                     638.9         638.9
   20.0  26350  -52.1                                     675.9         675.9
   19.4  26548  -50.7                                     686.2         686.2
