
-----------------------------------------------------------------------------
   PRES   HGHT   TEMP   DWPT   RELH   MIXR   DRCT   SKNT   THTA   THTE   THTV
    hPa     m      C      C      %    g/kg    deg   knot     K      K      K 
-----------------------------------------------------------------------------
 1000.0    114                                                               
  925.0    798                                                               
  884.0   1191   20.6    0.6     26   4.54    240      6  304.3  318.4  305.1
  880.0   1230   27.0   11.0     37   9.45    250      7  311.3  340.7  313.1
  872.0   1308   24.3    8.5     37   8.06    270      8  309.3  334.3  310.8
  850.0   1527   16.6    1.6     36   5.08    260      5  303.5  319.2  304.4
  842.0   1607   20.7    5.7     38   6.88    255      4  308.7  330.1  309.9
  838.0   1647   22.8    7.8     38   7.98    261      4  311.3  336.2  312.8
  819.0   1841   20.9    4.1     33   6.29    290      3  311.3  331.2  312.5
  776.0   2296   16.5   -4.7     23   3.49    285      3  311.4  322.7  312.0
  768.0   2384   15.6   -6.4     21   3.10    288      4  311.4  321.5  311.9
  734.0   2753    9.6  -12.8     19   1.95    300      8  308.9  315.4  309.3
  700.0   3139    3.4  -19.6     17   1.16    290     14  306.2  310.1  306.4
  693.0   3220    7.4  -15.6     18   1.65    288     15  311.5  317.1  311.9
  685.0   3315    6.6  -16.4     18   1.56    285     16  311.7  317.0  312.0
  646.0   3783    2.0  -21.5     16   1.07    270     23  311.7  315.4  311.9
  603.0   4334   -3.5  -27.5     14   0.67    265     28  311.6  314.0  311.7
  599.0   4386   -4.0  -28.8     13   0.60    265     28  311.6  313.8  311.7
  593.0   4465   -4.7  -30.7     11   0.50    265     28  311.7  313.5  311.8
  576.0   4691   -6.9  -30.9     13   0.51    267     29  311.7  313.5  311.8
  528.0   5357  -12.1  -26.9     28   0.81    270     32  313.4  316.2  313.5
  524.0   5415  -12.5  -26.5     30   0.84    271     33  313.5  316.5  313.7
  504.0   5710  -13.5  -30.8     22   0.58    275     40  315.8  317.9  315.9
  500.0   5770  -13.7  -31.7     20   0.54    270     38  316.3  318.3  316.4
  494.0   5862  -14.3  -32.3     20   0.52    269     39  316.6  318.5  316.7
  487.0   5970  -15.3  -33.3     20   0.48    268     39  316.7  318.5  316.8
  473.0   6187  -16.7  -34.5     20   0.44    265     41  317.6  319.2  317.7
  422.0   7038  -22.3  -39.3     20   0.30    272     44  321.0  322.1  321.0
  400.0   7430  -24.9  -43.9     15   0.20    275     46  322.5  323.3  322.6
  391.0   7595  -26.1  -44.1     17   0.20    274     48  323.1  323.9  323.1
  367.0   8051  -29.7  -46.8     17   0.16    270     53  324.1  324.8  324.2
  366.0   8070  -29.9  -46.9     18   0.15    270     53  324.2  324.8  324.2
  337.0   8647  -34.0  -50.1     18   0.12    280     59  326.4  326.8  326.4
  300.0   9460  -39.7  -54.7     19   0.08    275     69  329.3  329.6  329.3
  299.0   9483  -39.9  -54.8     19   0.08    275     69  329.4  329.7  329.4
  280.0   9925  -42.9  -56.5     21   0.07    280     75  331.2  331.5  331.2
  273.0  10096  -44.1  -57.1     22   0.06    279     75  331.9  332.2  331.9
  250.0  10680  -47.5  -60.5     21   0.04    275     74  335.3  335.5  335.3
  229.0  11254  -52.1  -64.1     22   0.03    272     74  336.8  337.0  336.8
  218.0  11571  -54.3  -66.3     21   0.02    270     74  338.2  338.3  338.2
  215.0  11660  -54.9  -66.9     21   0.02    271     74  338.6  338.7  338.6
  200.0  12120  -57.5  -69.5     20   0.02    275     77  341.6  341.6  341.6
  195.0  12280  -58.2  -70.2     20   0.02    280     81  342.9  343.0  342.9
  187.0  12544  -59.3  -71.3     20   0.01    278     76  345.3  345.3  345.3
  176.0  12925  -60.1  -72.1     19   0.01    275     68  350.0  350.1  350.0
  173.0  13033  -60.3  -72.3     19   0.01    275     70  351.4  351.4  351.4
  161.0  13480  -61.6  -73.1     20   0.01    275     77  356.5  356.5  356.5
  150.0  13920  -62.9  -73.9     21   0.01    280     68  361.5  361.6  361.5
  148.0  14003  -63.3  -74.3     21   0.01    275     68  362.2  362.3  362.2
  147.0  14044  -63.5  -74.5     21   0.01    274     69  362.6  362.6  362.6
  140.0  14342  -64.6  -75.6     21   0.01    270     79  365.8  365.8  365.8
  135.0  14564  -65.4  -76.4     20   0.01    275     69  368.2  368.2  368.2
  133.0  14655  -65.7  -76.7     20   0.01    276     68  369.2  369.2  369.2
  118.0  15384  -64.7  -75.7     21   0.01    279     64  383.9  383.9  383.9
  115.0  15540  -66.1  -77.1     20   0.01    280     63  384.1  384.1  384.1
  111.0  15754  -67.3  -78.3     20   0.01    282     62  385.8  385.8  385.8
  104.0  16145  -68.7  -79.7     19   0.01    284     59  390.3  390.4  390.3
  100.0  16380  -69.1  -80.1     19   0.01    285     58  394.0  394.0  394.0
   97.9  16506  -69.9  -80.9     19   0.01    275     57  394.8  394.8  394.8
   93.0  16814  -68.8                         260     57  402.8         402.8
   86.5  17247  -67.3                         276     54  414.2         414.2
   81.0  17645  -66.6                         290     52  423.5         423.5
   75.0  18110  -65.8                         270     36  434.6         434.6
   74.3  18167  -65.7                         270     38  436.0         436.0
   72.0  18358  -64.8                         270     45  441.9         441.9
   70.0  18530  -63.9                         285     35  447.3         447.3
   69.1  18609  -63.7                         292     33  449.4         449.4
   68.0  18706  -64.1                         300     31  450.5         450.5
   64.0  19074  -65.8                         265     20  454.8         454.8
   61.5  19316  -66.9                         267     27  457.5         457.5
   58.0  19672  -63.3                         270     37  473.3         473.3
   57.6  19714  -62.9                         272     37  475.2         475.2
   55.4  19952  -64.9                         280     34  476.0         476.0
   53.0  20222  -64.0                         290     31  484.2         484.2
   52.4  20292  -63.7                         286     29  486.4         486.4
   51.0  20458  -62.2                         275     24  493.6         493.6
   50.1  20568  -61.3                         271     24  498.3         498.3
   50.0  20580  -61.3                         270     24  498.6         498.6
   47.0  20965  -60.8                         260     34  508.7         508.7
   45.0  21236  -60.4                         285     35  515.9         515.9
   41.1  21801  -59.7                         258     22  531.3         531.3
   40.0  21970  -60.3                         250     18  534.0         534.0
   38.4  22225  -61.1                         278     28  538.2         538.2
   38.0  22290  -60.9                         285     31  540.2         540.2
   36.0  22628  -60.0                         275     24  551.0         551.0
   33.3  23115  -58.7                         275     37  566.9         566.9
   33.0  23172  -57.6                         275     39  571.2         571.2
   32.8  23210  -56.9                         276     38  574.1         574.1
   31.7  23427  -55.9                         281     32  582.4         582.4
   31.0  23570  -54.9                         285     28  588.9         588.9
   30.1  23759  -53.5                         254     25  597.6         597.6
   30.0  23780  -53.5                         250     25  598.2         598.2
   28.0  24224  -52.8                         265     31  612.1         612.1
   26.0  24701  -52.0                         270     35  627.5         627.5
   25.8  24751  -51.9                         272     33  629.1         629.1
   25.0  24955  -51.5                         280     27  635.9         635.9
   24.0  25219  -51.0                         270     34  644.9         644.9
   23.5  25355  -50.7                         260     31  649.6         649.6
   22.0  25783  -51.1                         230     20  660.7         660.7
   20.0  26400  -51.7                         260     35  677.2         677.2
   19.7  26498  -50.9                         266     32  682.5         682.5
   19.0  26735  -49.6                         280     26  693.6         693.6
   18.4  26945  -48.5                         253     28  703.5         703.5
   18.0  27089  -49.2                         235     29  705.7         705.7
   17.3  27348  -50.5                         259     27  709.6         709.6
   17.0  27463  -50.1                         270     26  714.5         714.5
   16.0  27861  -48.8                         245     24  731.4         731.4
   15.0  28285  -47.3                         260     24  749.8         749.8
   14.0  28743  -45.9                         230     13  769.4         769.4
   13.7  28887  -45.5                         227     18  775.6         775.6
   13.0  29235  -46.3                         220     29  784.4         784.4
   12.7  29390  -46.7                         229     29  788.4         788.4
   11.9  29824  -43.9                         254     27  813.1         813.1
   11.3  30173  -41.9                         275     26  832.4         832.4
   11.0  30355  -41.9                         285     26  838.7         838.7
   10.0  31000  -42.1                         260     34  861.3         861.3
    9.4  31420  -40.1                         266     18  884.2         884.2
    9.0  31716  -41.5                         270      6  889.9         889.9
    8.8  31868  -41.7                                     894.9         894.9
