
-----------------------------------------------------------------------------
   PRES   HGHT   TEMP   DWPT   RELH   MIXR   DRCT   SKNT   THTA   THTE   THTV
    hPa     m      C      C      %    g/kg    deg   knot     K      K      K 
-----------------------------------------------------------------------------
 1000.0    104                                                               
  925.0    790                                                               
  883.0   1191   21.6    0.6     25   4.55    240     12  305.4  319.6  306.3
  878.0   1240   20.0    2.0     30   5.06    260     12  304.2  319.9  305.2
  863.0   1388   18.6    1.7     32   5.03    245     10  304.3  319.9  305.2
  855.0   1469   17.9    1.5     33   5.02    235     11  304.3  319.9  305.3
  850.0   1519   17.4    1.4     34   5.01    240     11  304.4  319.9  305.3
  834.0   1679   15.8    1.1     37   4.99    255     14  304.4  319.9  305.3
  816.0   1864   14.1    0.8     40   4.98    245     13  304.4  319.8  305.3
  800.0   2031   12.4    0.4     44   4.96    275     13  304.4  319.8  305.3
  788.0   2158   11.2    0.2     47   4.95    276     13  304.4  319.7  305.3
  702.0   3110    3.4   -6.6     48   3.33    285     14  306.0  316.6  306.6
  700.0   3133    3.2   -6.8     48   3.30    285     14  306.0  316.5  306.6
  668.0   3505   -0.1   -8.0     55   3.15    310     13  306.4  316.4  307.0
  647.0   3758   -2.4   -8.8     61   3.05    310     12  306.6  316.4  307.2
  638.0   3870   -3.4   -9.2     64   3.00    295     11  306.7  316.3  307.3
  616.0   4148   -5.9  -10.1     72   2.90    330     11  306.9  316.2  307.5
  608.0   4252   -6.8  -10.4     76   2.86    325     10  307.0  316.2  307.5
  604.0   4305   -7.3  -10.6     77   2.84    323     11  307.0  316.2  307.6
  575.0   4686   -9.9  -14.9     67   2.10    310     17  308.3  315.3  308.7
  569.0   4767   -9.7  -26.7     24   0.76    307     18  309.5  312.2  309.6
  533.0   5267  -13.0  -32.9     17   0.45    290     26  311.4  313.0  311.5
  532.0   5282  -13.1  -33.1     17   0.44    290     26  311.4  313.1  311.5
  500.0   5750  -16.9  -32.9     24   0.48    290     31  312.4  314.1  312.5
  491.0   5887  -17.9  -27.9     41   0.79    293     31  312.8  315.6  312.9
  488.0   5933  -17.3  -41.3     10   0.21    294     31  314.1  314.9  314.1
  486.0   5963  -17.5  -41.7     10   0.20    295     31  314.2  315.0  314.3
  459.0   6392  -19.7  -47.7      6   0.11    284     35  316.6  317.1  316.6
  440.0   6701  -22.3  -46.6      9   0.13    275     38  317.2  317.7  317.2
  401.0   7382  -27.9  -44.2     20   0.19    270     29  318.4  319.1  318.4
  400.0   7400  -28.1  -44.1     20   0.19    270     30  318.4  319.1  318.4
  393.0   7526  -29.3  -44.3     22   0.19    273     31  318.4  319.2  318.5
  363.0   8086  -33.3  -55.3      9   0.06    289     37  320.4  320.6  320.4
  361.0   8124  -33.6  -54.9     10   0.06    290     37  320.5  320.7  320.5
  323.0   8892  -39.9  -45.9     53   0.19    284     44  322.1  322.9  322.2
  300.0   9390  -43.9                         280     48  323.4         323.4
  272.0  10035  -49.4                         275     46  324.6         324.6
  250.0  10590  -54.1                         280     45  325.5         325.5
  242.0  10798  -56.1                         280     47  325.6         325.6
  232.0  11064  -57.2                         280     49  327.8         327.8
  226.0  11230  -57.9                         295     48  329.2         329.2
  200.0  12000  -61.1                                     335.9         335.9
  172.0  12938  -59.7                                     352.9         352.9
  150.0  13790  -60.9                                     365.0         365.0
  139.0  14262  -61.9                                     371.2         371.2
