
-----------------------------------------------------------------------------
   PRES   HGHT   TEMP   DWPT   RELH   MIXR   DRCT   SKNT   THTA   THTE   THTV
    hPa     m      C      C      %    g/kg    deg   knot     K      K      K 
-----------------------------------------------------------------------------
  885.0   1191   16.0    4.0     45   5.79      0      0  299.4  316.9  300.5
  700.0   3155    6.6   -9.4     31   2.69                309.8  318.6  310.3
  500.0   5810  -14.5  -22.5     51   1.26                315.3  319.7  315.5
  400.0   7470  -25.7  -28.6     77   0.91                321.5  324.8  321.7
  300.0   9480  -41.9                                     326.2         326.2
  250.0  10690  -51.5                                     329.4         329.4
  207.0  11895  -60.3                                     333.8         333.8
  200.0  12110  -59.5                                     338.4         338.4
  150.0  13910  -58.9                                     368.4         368.4
  127.0  14943  -62.9                                     379.1         379.1
  100.0  16410  -63.9                                     404.0         404.0
