
-----------------------------------------------------------------------------
   PRES   HGHT   TEMP   DWPT   RELH   MIXR   DRCT   SKNT   THTA   THTE   THTV
    hPa     m      C      C      %    g/kg    deg   knot     K      K      K 
-----------------------------------------------------------------------------
 1000.0     85                                                               
  882.0   1191   23.2   -8.8     11   2.24    250      8  307.2  314.5  307.6
  850.0   1510   19.4   -4.6     19   3.21    275     12  306.4  316.7  307.1
  755.0   2511   10.0   -9.0     25   2.58    272     19  306.8  315.2  307.3
  700.0   3133    4.6  -10.4     33   2.49    270     23  307.6  315.6  308.0
  651.0   3718   -0.7  -12.7     40   2.22    271     27  308.0  315.3  308.4
  619.0   4118   -3.1  -20.1     26   1.26    272     30  309.7  314.0  309.9
  607.0   4273   -2.5  -26.5     14   0.73    272     31  312.1  314.7  312.3
  572.0   4741   -5.3  -41.3      4   0.18    273     34  314.2  314.9  314.2
  500.0   5780  -13.3  -47.3      4   0.11    275     41  316.8  317.2  316.8
  400.0   7440  -26.7  -57.7      4   0.04    260     47  320.2  320.4  320.2
  385.0   7714  -28.9  -53.9      7   0.07    257     50  320.8  321.1  320.8
  332.0   8754  -35.5  -43.5     44   0.25    247     61  325.6  326.6  325.7
  302.0   9405  -39.9  -46.9     47   0.19    240     68  328.4  329.1  328.4
  300.0   9450  -40.3  -47.3     47   0.18    240     68  328.4  329.2  328.5
  261.0  10387  -48.5  -56.5     39   0.07    244     74  329.8  330.1  329.8
  250.0  10670  -50.3  -58.3     38   0.06    245     76  331.1  331.4  331.2
  218.0  11553  -55.5  -65.5     28   0.03    249     80  336.3  336.5  336.3
  208.0  11851  -56.4  -67.2     25   0.02    250     81  339.4  339.5  339.4
  205.0  11944  -56.7  -67.7     24   0.02    250     80  340.4  340.5  340.4
  200.0  12100  -56.9  -67.9     24   0.02    250     78  342.5  342.6  342.5
  172.0  13052  -57.3  -68.3     23   0.02    250     79  356.9  357.0  356.9
  150.0  13910  -59.9  -72.9     17   0.01    250     80  366.7  366.8  366.7
  100.0  16400  -68.3  -82.3     12   0.00    235     70  395.5  395.5  395.5
